days 7
0001 0019
0018 0003
0004 0008 0010
0004 0008 0010
0019 0008
0000 0009
0013 0008
0007 0009
0005 0011
0004 0008 0003
0006 0019
0015 0017
0004 0011
0015 0017
0012 0015
0014 0011
0004 0008 0003
0001 0014
0007 0009
0014 0011
0005 0011
0004 0002
0005 0011
0006 0012
0007 0009
0014 0011
0013 0015
0013 0015
0006 0002
0001 0014
0015 0019
0005 0016
0006 0002
0015 0019
0012 0015
0006 0002
0014 0011
0006 0002
0004 0008 0010
0005 0016
0004 0011
0018 0002
0006 0012
0007 0009
0005 0016
0004 0011
0005 0016
0001 0019
0006 0019
0015 0019
0018 0002
0013 0015
0015 0017
0015 0019
0006 0019
0019 0008
0001 0019
0013 0015
0007 0009
0006 0002
0018 0003
0012 0015
0013 0015
0007 0009
0004 0011
0014 0011
0013 0008
0006 0019
0006 0019
0005 0019
0007 0009
0015 0019
0005 0016
0005 0019
0015 0017
0006 0002
0019 0008
0004 0002
0006 0002
0004 0008 0003
0004 0008 0010
0018 0002
0006 0012
0015 0017
0001 0019
0013 0008
0018 0002
0005 0019
0004 0011
0006 0012
0007 0009
0018 0003
0004 0008 0010
0005 0011
0015 0019
0018 0003
0005 0011
0007 0009
0015 0019
0015 0017
0018 0002
0013 0008
0000 0009
0000 0009
0004 0002
0004 0002
0004 0008 0003
0005 0011
0000 0009
0006 0019
0018 0002
0005 0016
0004 0008 0010
0018 0002
0013 0008
0013 0008
0018 0003
0004 0011
0018 0003
0005 0016
0005 0019
0007 0009
0014 0011
0004 0011
0004 0008 0010
0006 0019
0004 0008 0003
0013 0015
0015 0017
0000 0012
0005 0016
0015 0019
0012 0015
0005 0016
0014 0011
0004 0008 0003
0000 0009
0006 0019
0006 0002
0015 0017
0000 0012
0019 0008
0001 0019
0001 0014
0004 0011
0018 0002
0014 0011
0013 0015
0006 0019
0007 0009
0004 0011
0019 0008
0000 0009
0019 0008
0015 0019
0006 0012
0012 0015
0006 0012
0005 0011
0015 0017
0000 0009
0000 0009
0019 0008
0018 0003
0015 0019
0006 0012
0018 0002
0012 0015
0001 0019
0001 0014
0014 0011
0006 0019
0004 0011
0005 0019
0015 0017
0004 0008 0003
0014 0011
0013 0015
0015 0019
0018 0003
0004 0008 0010
0004 0008 0003
0004 0008 0003
0006 0019
0004 0002
0004 0011
0001 0019
0001 0019
0013 0015
0004 0002
0015 0017
0014 0011
0006 0002
0013 0015
0005 0016
0006 0012
0019 0008
0015 0019
0006 0019
0019 0008
0006 0002
0013 0015
0000 0012
0015 0019
0006 0002
0006 0012
0014 0011
0000 0009
0019 0008
0007 0009
0006 0019
0004 0002
0012 0015
0001 0014
0006 0019
0001 0019
0013 0015
0006 0012
0000 0009
0005 0016
0000 0012
0015 0017
0013 0015
0004 0008 0010
0018 0003
0005 0019
0007 0009
0005 0011
0012 0015
0005 0016
0001 0014
0000 0012
0004 0011
0007 0009
0000 0009
0014 0011
0005 0011
0014 0011
0013 0008
0005 0011
0000 0012
0018 0003
0013 0015
0007 0009
0019 0008
0013 0008
0004 0011
0001 0019
0013 0015
0015 0019
0007 0009
0001 0019
0015 0017
0007 0009
0013 0008
0004 0008 0003
0019 0008
0000 0009
0001 0019
0005 0016
0001 0019
0004 0008 0003
0012 0015
0000 0012
0012 0015
0005 0011
0004 0011
0006 0019
0013 0008
0013 0008
0004 0011
0014 0011
0001 0014
0004 0008 0010
0005 0019
0006 0012
0007 0009
0006 0019
0005 0016
0005 0011
0018 0002
0001 0014
0014 0011
0005 0016
0007 0009
0015 0017
0012 0015
0007 0009
0005 0016
0013 0015
0013 0015
0001 0014
0013 0008
0005 0011
0012 0015
0018 0002
0001 0019
0012 0015
0018 0003
0004 0002
0001 0019
0012 0015
0013 0008
0004 0011
0018 0002
0001 0014
0004 0011
0018 0003
0000 0009
0001 0014
0000 0009
0001 0019
0001 0014
0000 0012
0018 0002
0019 0008
0006 0019
0018 0002
0015 0019
0005 0011
0014 0011
0014 0011
0006 0012
0018 0002
0019 0008
0015 0019
0007 0009
0019 0008
0001 0014
0004 0002
0004 0008 0010
0018 0002
0013 0015
0004 0002
0001 0014
0005 0016
0001 0019
0018 0003
0005 0016
0013 0015
0012 0015
0018 0002
0006 0012
0007 0009
0006 0019
0015 0019
0014 0011
0018 0003
0004 0008 0003
0001 0019
0000 0012
0004 0008 0003
0004 0008 0010
0015 0019
0005 0016
0004 0011
0001 0014
0005 0011
0019 0008
0014 0011
0004 0008 0003
0005 0019
0006 0019
0005 0016
0015 0017
0013 0015
0007 0009
0005 0019
0006 0012
0007 0009
0000 0012
0007 0009
0006 0002
0006 0002
0014 0011
0015 0017
0018 0002
0018 0002
0004 0002
0005 0016
0019 0008
0019 0008
0015 0017
0000 0009
0019 0008
0004 0008 0010
0019 0008
0004 0008 0010
0004 0008 0010
0004 0008 0010
0019 0008
0001 0014
0015 0017
0013 0015
0015 0019
0006 0019
0013 0008
0005 0016
0014 0011
0000 0009
