days 5
0003 0013
0005 0009
0014 0001
0014 0001
0007 0002 0006
0014 0001
0005 0006 0002
0013 0001
0005 0009
0014 0001
0005 0006 0002
0014 0001
0013 0001
0014 0009
0007 0002 0006
0011 0012
0014 0001
0003 0002
0003 0013
0007 0014
0005 0008 0001
0013 0001
0007 0010
0014 0001
0000
0003 0013
0007 0014
0007 0010
0004 0013
0007 0002 0006
0007 0014
0011 0009
0007 0014
0005 0006 0012
0005 0009
0004 0013
0005 0009
0005 0009
0011 0009
0011 0012
0011 0012
0007 0002 0006
0000
0007 0002 0006
0013 0001
0014 0001
0005 0006 0012
0005 0008 0001
0000
0003 0013
0005 0006 0002
0005 0008 0001
0003 0002
0003 0013
0005 0006 0012
0010 0008 0001
0011 0012
0004 0013
0007 0010
0011 0012
0005 0006 0012
0013 0001
0005 0009
0011 0009
0003 0002
0014 0001
0003 0002
0003 0002
0005 0008 0001
0007 0014
0005 0006 0002
0003 0002
0003 0002
0007 0014
0014 0001
0005 0006 0012
0000
0005 0008 0001
0005 0009
0004 0013
0005 0008 0001
0003 0013
0007 0010
0013 0001
0007 0014
0003 0013
0005 0006 0002
0013 0001
0007 0010
0005 0006 0012
0011 0012
0013 0001
0010 0008 0001
0005 0006 0002
0010 0008 0001
0004 0013
0014 0001
0007 0010
0007 0014
0007 0014
0005 0008 0001
0004 0013
0005 0009
0000
0005 0009
0003 0002
0005 0006 0012
0005 0009
0011 0012
0007 0014
0014 0001
0013 0001
0005 0006 0012
0003 0002
0011 0012
0014 0001
0010 0008 0001
0014 0001
0007 0002 0006
0011 0012
0004 0013
0010 0008 0001
0007 0010
0007 0002 0006
0003 0002
0007 0002 0006
0005 0006 0002
0007 0010
0014 0009
0007 0002 0006
0007 0014
0004 0013
0003 0002
0007 0010
0005 0008 0001
0014 0001
0014 0009
0005 0008 0001
0003 0013
0007 0002 0006
0010 0008 0001
0007 0010
0007 0014
0013 0001
0005 0006 0012
0003 0002
0014 0009
0013 0001
0003 0002
0003 0002
0007 0002 0006
0003 0013
0007 0002 0006
0013 0001
0011 0009
0005 0006 0002
0005 0008 0001
0004 0013
0011 0009
0003 0002
0005 0009
0005 0008 0001
0003 0002
0014 0009
0005 0008 0001
0005 0006 0002
0003 0013
0007 0002 0006
0003 0013
0007 0014
0007 0010
0004 0013
0007 0002 0006
0011 0009
0007 0010
0005 0009
0000
0005 0006 0002
0000
0005 0008 0001
0010 0008 0001
0003 0013
0007 0010
0003 0002
0007 0010
0007 0014
0007 0002 0006
0014 0001
0014 0001
0011 0012
0005 0006 0002
0004 0013
0005 0008 0001
0005 0006 0012
0007 0010
0013 0001
0000
0000
0011 0009
0014 0001
0013 0001
0007 0002 0006
0007 0010
0005 0008 0001
0005 0006 0012
0007 0010
0013 0001
0014 0001
0013 0001
0007 0010
0014 0009
0010 0008 0001
0003 0013
0003 0013
0007 0014
0003 0002
0013 0001
0007 0014
0004 0013
0010 0008 0001
0014 0001
0011 0009
0010 0008 0001
0013 0001
0000
0003 0013
0005 0006 0012
0007 0014
0005 0006 0002
0010 0008 0001
0014 0009
0007 0014
0003 0013
0011 0009
0007 0010
0007 0014
0014 0001
0005 0006 0002
0007 0010
0014 0009
0000
0014 0009
0014 0001
0005 0006 0012
0005 0006 0012
0007 0010
0013 0001
0005 0009
0005 0008 0001
0003 0002
0005 0009
0013 0001
0007 0002 0006
0011 0012
0014 0001
0003 0002
0007 0010
0007 0010
0003 0002
0011 0009
0004 0013
0014 0009
0000
0011 0012
0005 0008 0001
0005 0006 0012
0005 0008 0001
0005 0006 0002
0010 0008 0001
0003 0013
0007 0010
0011 0012
0003 0002
0007 0014
0010 0008 0001
0005 0008 0001
0005 0008 0001
0013 0001
0011 0012
0004 0013
0003 0013
0014 0001
0014 0001
0007 0002 0006
0007 0014
0000
0014 0001
0003 0002
0005 0009
0011 0012
0013 0001
0007 0014
0010 0008 0001
0003 0013
0005 0006 0002
0004 0013
0011 0012
0013 0001
0003 0002
0007 0010
0011 0009
0000
0007 0010
0003 0013
0011 0009
0005 0006 0012
